8 8
0
1 2 #
1
0 5 7 #
2
0 3 4 #
3
2 4 #
4
2 3 #
5
1 6 #
6
5 7 #
7
1 6 #

UDN
8 9
0 1 2 3 4 5 6 7
0 1 1
0 2 1
1 5 1
1 7 1
2 3 1
2 4 1
3 4 1
5 6 1
7 6 1

8 9
0 1 2 3 4 5 6 7
1 1
2 1
#
5 1
7 1
#
3 1
4 1
#
4 1
#
#
6 1
#
7 1
#
#

8 9
0 1 2 3 4 5 6 7
1 1
2 1
#
5 1
7 1
#
3 1
4 1
#
4 1
#
#
6 1
#
7 1
#
#

8 8
0
1 2 #
1
5 7 #
26
3 4 #
3
4 #
4
#
5
6 #
6
7 #
7
#

8 8
2
1 2 #
5
5 7 #
8
3 4 #
9
4 #
19
#
98
6 #
67
7 #
12
#

8 8
2
1
1
2
1
#
5
5
1
7
1
#
8
3
1
4
1
#
9
4
1
#
19
#
98
6
1
#
67
7
1
#
12
#

6 8
1 2 3 4 5 6
2
3
3
2
#
4
2
5
3
#
4
4
6
3
#
6
2
#
6
1
#
#




UDN
6 10
1 2 3 4 5 6
1 4 5
1 2 6
1 3 1
3 2 5
3 4 5
2 5 3
4 6 2
3 5 6
3 6 4
5 6 6

